PACKAGE_USAGE__VERSION_1
com.google.android.youtube 0 1685250428188 0 1685190658961 1685250428184 0 0 0
com.google.android.ext.services 0 1685111749330 0 0 0 0 0 0
com.android.providers.telephony 0 0 0 0 1685108143256 0 1685108143830 0
com.android.dynsystem 0 0 0 1685108177990 0 0 0 0
com.google.android.googlequicksearchbox 0 1685259892784 1685164881863 1685248635596 1685258010213 0 0 0
com.android.providers.calendar 0 0 0 1685257515164 1685257515127 0 0 0
com.android.providers.media 0 1685108165928 0 1685108180953 1685259641409 0 1685108165159 0
com.google.android.onetimeinitializer 0 0 0 1685108206003 0 0 0 0
com.android.documentsui 0 0 0 1675854749894 1675854749876 0 0 0
com.android.externalstorage 0 0 0 0 1675854750711 0 0 0
com.google.android.apps.enterprise.dmagent 0 1675854833048 0 1675854831894 0 0 0 0
com.whatsapp 1685259860814 1685259902211 0 1685257629084 1685259900876 0 0 0
com.android.mms.service 0 1685190973667 0 0 0 0 1685190977657 0
com.android.providers.downloads 0 1675855274547 0 1685108180782 1685259641409 0 1685259641644 0
com.google.android.apps.messaging 1685257348171 1685257399263 0 1685259907837 1685259907801 0 0 0
com.google.android.configupdater 0 1685108238491 0 1685109096231 1685109095892 0 0 0
com.android.vending 1685254851735 1685258011858 1675854791026 1685257649054 1685257647323 0 0 0
com.android.carrierconfig 0 1675854747827 0 0 0 0 0 0
android 0 1685259720114 0 1685108176101 1685108131844 0 0 0
com.android.contacts 1685259682722 1685259682437 0 1685108177049 1685259612724 0 0 0
com.android.camera2 1685257501718 0 0 1675854830312 0 0 0 0
com.android.mtp 0 0 0 0 1675854752849 0 0 0
com.android.nfc 0 0 0 1675854830863 1675854830861 0 0 0
com.android.ons 0 1685108180084 0 1685108180018 0 0 1685108180020 0
com.android.stk 0 1685108182245 0 1685108182118 0 0 1685108182142 0
com.google.android.deskclock 0 0 0 1685248635356 0 0 0 0
com.example.emptyproject 1685259888964 0 0 0 1685259888955 0 0 0
com.google.android.gm 1685255026482 1685255845599 0 1685255027911 1685255026446 0 0 0
com.google.android.apps.tachyon 0 1685112304283 0 1685190676767 1685190652099 0 0 0
com.android.settings.intelligence 0 1685257524727 0 0 0 0 0 0
com.google.android.permissioncontroller 1685257497968 1685257524718 0 1685108207802 1685256880758 0 0 0
com.google.android.setupwizard 1675854744750 1685259398074 1685191139177 1685108211713 1685191138810 0 0 0
com.android.providers.settings 0 0 0 0 1685108131844 0 1685108131860 0
com.google.android.angle 0 0 0 1685108183465 1685108183425 0 0 0
com.google.android.music 0 1685190644125 0 1685190657051 1685190643860 0 0 0
com.android.printspooler 0 1685108157727 0 0 0 0 0 0
com.android.se 0 1685108154949 0 0 0 0 0 0
com.google.android.apps.docs 0 1685190719940 0 1685190696412 1685190695830 0 0 0
com.google.android.apps.maps 0 1685253420455 0 1685253419853 1685253419844 0 0 0
com.android.cellbroadcastreceiver 0 1685108177034 0 1685108176829 1685108146500 0 0 0
com.google.android.webview 0 1685255029471 0 0 0 0 1685255029334 0
com.google.android.networkstack 0 1685108139643 0 0 0 0 0 0
com.android.server.telecom 0 1685108138560 0 0 0 0 1685108144094 0
com.google.android.syncadapters.contacts 0 1685259683065 0 1685259683053 1685259620305 0 0 0
com.android.keychain 0 1685108173768 0 0 0 0 0 0
com.android.service.ims 0 1685108155762 0 0 0 0 0 0
com.android.chrome 1685164852679 1685259641561 0 1685190657146 1685259638097 0 0 0
com.android.dialer 1685190869171 1685108217821 0 1685248709083 1685190869160 0 0 0
com.google.android.packageinstaller 0 0 0 1685108206375 1685108206364 0 0 0
com.google.android.gms 1685254931703 1685259899226 0 1685259745245 1685255454791 0 1685255027326 0
com.google.android.gsf 0 0 0 1685190664292 1685259649715 0 0 0
com.google.android.ims 0 1685191030533 0 1685190676916 1685108160616 0 0 0
com.google.android.partnersetup 0 1685257629120 0 1685108228864 1685257629118 0 0 0
com.android.localtransport 0 1685108158983 0 0 0 0 0 0
com.google.android.videos 0 1685257646768 1675854842921 1685190658917 1685257646764 0 0 0
com.google.android.apps.nexuslauncher 1685108151921 1685108152279 0 1675855306184 0 0 0 0
com.topjohnwu.magisk 1675855280975 0 0 0 1685257755702 0 1685257756334 0
com.google.android.apps.photos 0 1685190652595 0 1685190657155 1685190648411 0 0 0
com.google.android.calendar 1675855037671 1685255070252 0 1685255028508 1685255027439 0 0 0
com.android.managedprovisioning 0 0 0 1685108179008 0 0 0 0
com.android.emulator.multidisplay 0 1685108217889 0 1685108218918 0 0 0 0
com.android.smspush 0 1685108156232 0 0 0 0 0 0
com.android.service.ims.presence 0 0 0 1685108176104 1685108155064 0 1685108155546 0
com.google.android.sdksetup 1675854750260 0 0 0 0 0 0 0
com.android.settings 1685257523905 0 0 1685108181552 1685256877236 0 0 0
com.google.android.apps.pixelmigrate 1685190654770 0 0 1685190695185 0 0 0 0
com.google.android.projection.gearhead 0 1685108587032 0 1685108275388 1685108587030 0 0 0
com.android.omadm.service 0 0 0 1685108179617 0 0 0 0
com.google.android.apps.wallpaper 0 0 0 1685190398792 1685190398789 0 0 0
com.android.phone 0 1685108155387 0 1685108180095 1685108143255 0 0 0
com.android.providers.blockednumber 0 0 0 0 1685259612253 0 1685259612331 0
com.android.providers.userdictionary 0 0 0 0 1685259612253 0 1685259612311 0
com.android.location.fused 0 1685108139367 0 0 0 0 1685108144701 0
com.android.systemui 0 1685108139269 0 0 1685108139233 0 0 0
com.android.traceur 0 0 0 1685108182492 1685108182482 0 0 0
com.android.providers.contacts 0 0 0 1675854803887 1685259612253 0 1685184295393 0
com.microsoft.teams 1685255619793 1685255604685 0 1685248636998 1685254865730 0 0 0
com.google.android.inputmethod.latin 0 1685257629472 1675854754177 1685190696429 0 0 0 0
com.google.android.apps.restore 0 1675854750414 0 0 0 0 0 0
